sumEdgeLng = 	2608 	 obj =  674                 
minDistN = 	  46 	 obj =    3                      
minDistE = 	  36 	 obj =    0                      
minAng = 	  13 	 obj =    0                     
maxTrykkNr = 	  13 	 obj = 2583 	 sVal = 7021400  lng = 115.08           
maxStrekkNr = 	  19 	 obj =   63 	 sVal = -4317294          
Total Obj = 	3323   
Max nedb xyz = 	0.009 0.250 4.071  
------------------------------------------------------------------- 

ans =

    0.5197    1.0000   -1.0000
    0.5197   -1.0000   -1.0000
   -0.5197    1.0000   -1.0000
   -0.5197   -1.0000   -1.0000
         0   -5.4111   -1.0848
   -0.0667   -0.1764   -0.3900
   -0.0463   -0.8659   -0.0130
   -0.0290   -3.1149   -2.1905
   -0.0329   -1.1309   -2.2049


E =

    3.0000    4.0000    0.0000
    4.0000    2.0000    0.0000
    1.0000    3.0000    0.0000
    2.0000    1.0000    0.0000
    7.0000    4.0000    0.0000
    2.0000    7.0000    0.0000
    3.0000    9.0000    0.0000
    6.0000    2.0000    0.0000
    4.0000    6.0000    0.0000
    5.0000    4.0000    0.0000
    2.0000    5.0000    0.0000
    6.0000    7.0000    0.0000
    9.0000    8.0000    0.0000
    9.0000    4.0000    0.0000
    1.0000    9.0000    0.0000
    1.0000    6.0000    0.0000
    2.0000    9.0000    0.0000
    6.0000    3.0000    0.0000
    7.0000    5.0000    0.0000
    8.0000    5.0000    0.0000
    8.0000    2.0000    0.0000
    8.0000    4.0000    0.0000